1	2	2
1	3	3
1	4	3
1	5	2
1	6	1
1	7	6
1	8	11
1	9	4
1	10	3
1	11	3
1	12	1
1	13	1
1	14	2
1	15	2
1	16	2
1	17	2
1	18	1
1	19	7
1	20	1
1	21	3
1	22	5
1	23	15
1	25	4
1	26	3
1	29	3
1	30	1
1	31	2
1	32	2
1	33	9
1	34	11
1	35	12
1	36	2
1	38	2
1	40	9
1	41	22
1	42	1
1	45	1
1	46	3
1	48	1
1	51	2
1	52	3
1	53	2
1	54	3
1	55	3
1	56	20
1	58	3
1	61	3
1	62	2
1	64	1
1	65	1
1	66	5
1	67	4
1	68	3
1	69	2
1	70	1
1	72	1
1	73	8
1	74	8
1	75	8
1	76	1
1	77	3
1	78	2
1	79	9
1	80	7
2	3	3
2	4	1
2	7	2
2	8	1
2	9	3
2	17	1
2	19	1
2	21	2
2	22	7
2	23	2
2	25	1
2	27	2
2	35	4
2	36	3
2	38	1
2	40	1
2	41	3
2	44	1
2	48	1
2	52	2
2	53	1
2	55	1
2	56	5
2	58	3
2	61	2
2	64	1
2	68	1
2	71	1
2	72	1
2	73	1
2	74	3
2	75	1
2	77	6
2	79	3
3	4	23
3	5	6
3	8	2
3	13	2
3	14	1
3	16	1
3	17	10
3	18	7
3	22	1
3	23	1
3	24	2
3	27	8
3	28	2
3	29	8
3	30	4
3	35	2
3	37	5
3	38	3
3	39	8
3	40	1
3	41	1
3	42	1
3	43	9
3	45	3
3	47	3
3	48	5
3	49	8
3	50	1
3	51	1
3	52	1
3	53	1
3	54	1
3	55	1
3	56	2
3	57	9
3	59	3
3	60	9
3	65	2
3	66	9
3	69	1
3	70	20
3	73	1
3	74	1
3	76	4
3	77	1
3	78	7
3	79	1
4	5	4
4	8	1
4	9	1
4	11	1
4	13	4
4	14	1
4	15	1
4	16	2
4	17	5
4	18	3
4	23	1
4	24	3
4	26	2
4	27	3
4	28	1
4	29	3
4	30	3
4	37	2
4	39	5
4	41	1
4	42	1
4	43	4
4	45	1
4	46	1
4	47	1
4	48	1
4	49	3
4	52	1
4	53	1
4	54	1
4	56	2
4	57	3
4	59	1
4	60	2
4	62	1
4	63	1
4	65	1
4	66	5
4	69	1
4	70	8
4	73	1
4	76	3
4	78	5
4	79	1
5	15	1
5	16	1
5	17	2
5	18	2
5	24	2
5	26	2
5	27	4
5	37	2
5	39	1
5	40	1
5	42	1
5	43	1
5	44	1
5	45	1
5	47	2
5	48	1
5	49	3
5	50	1
5	57	5
5	59	2
5	64	1
5	66	2
5	67	1
5	70	3
5	71	1
5	78	5
6	7	1
6	8	3
6	10	1
6	11	1
6	13	2
6	17	1
6	19	1
6	20	4
6	22	4
6	23	3
6	25	1
6	26	1
6	27	1
6	34	1
6	35	2
6	36	1
6	40	4
6	41	2
6	43	1
6	46	1
6	50	1
6	51	3
6	52	2
6	53	2
6	54	1
6	56	6
6	58	1
6	62	1
6	64	4
6	67	2
6	72	1
6	73	1
6	74	2
6	77	1
6	78	1
6	79	5
6	80	2
7	8	3
7	9	2
7	13	2
7	14	2
7	16	2
7	19	3
7	21	4
7	22	1
7	23	3
7	24	1
7	25	3
7	27	1
7	29	2
7	33	1
7	34	1
7	35	4
7	36	1
7	40	2
7	41	1
7	44	1
7	51	2
7	52	4
7	53	1
7	56	8
7	58	3
7	61	3
7	64	2
7	65	1
7	72	1
7	73	2
7	74	2
7	75	1
7	77	4
7	79	8
7	80	2
8	9	3
8	10	3
8	11	1
8	12	1
8	13	5
8	14	1
8	15	3
8	16	1
8	18	1
8	19	6
8	20	3
8	21	2
8	22	8
8	23	8
8	24	1
8	25	3
8	27	2
8	29	2
8	30	1
8	31	3
8	32	2
8	33	4
8	34	5
8	35	4
8	36	3
8	37	3
8	38	3
8	40	4
8	41	5
8	42	1
8	44	1
8	46	1
8	51	7
8	52	3
8	53	3
8	55	3
8	56	15
8	58	2
8	63	1
8	64	6
8	65	2
8	66	1
8	67	2
8	68	1
8	71	1
8	73	7
8	74	7
8	75	2
8	76	1
8	77	5
8	78	1
8	79	7
8	80	6
9	10	2
9	13	2
9	18	1
9	19	3
9	21	3
9	22	5
9	23	3
9	25	1
9	29	2
9	33	2
9	34	2
9	35	3
9	36	1
9	38	1
9	40	1
9	41	4
9	52	2
9	55	1
9	56	10
9	58	1
9	61	1
9	65	1
9	66	1
9	72	1
9	73	3
9	74	2
9	75	3
9	76	1
9	77	1
9	79	4
9	80	1
10	13	1
10	15	1
10	18	1
10	19	3
10	20	1
10	21	1
10	22	2
10	23	5
10	25	1
10	31	1
10	33	2
10	34	2
10	35	2
10	38	2
10	40	1
10	41	3
10	51	2
10	52	1
10	55	1
10	56	7
10	58	1
10	64	1
10	67	1
10	68	1
10	69	1
10	71	1
10	73	1
10	74	1
10	75	3
10	77	1
10	80	3
11	12	1
11	13	3
11	14	1
11	15	2
11	20	1
11	21	1
11	22	2
11	23	1
11	24	2
11	25	1
11	26	7
11	28	1
11	31	1
11	32	1
11	34	1
11	38	1
11	40	2
11	41	1
11	46	14
11	50	2
11	51	1
11	54	9
11	58	1
11	60	1
11	62	8
11	65	2
11	66	1
11	70	1
11	71	1
11	73	1
11	78	2
11	79	1
12	15	1
12	16	1
12	19	1
12	24	2
12	29	2
12	33	1
12	34	1
12	38	2
12	41	2
12	45	1
12	46	1
12	51	2
12	54	1
12	56	1
12	65	2
12	67	1
12	68	2
12	71	1
12	73	1
12	78	1
13	15	1
13	16	1
13	19	2
13	20	2
13	21	4
13	22	7
13	23	3
13	24	1
13	26	2
13	31	1
13	33	1
13	35	1
13	36	1
13	39	2
13	40	4
13	41	3
13	43	2
13	46	3
13	49	2
13	50	2
13	51	3
13	52	5
13	55	1
13	56	7
13	58	3
13	60	1
13	61	2
13	64	1
13	65	2
13	66	1
13	67	1
13	71	2
13	72	1
13	73	2
13	74	5
13	75	1
13	76	1
13	77	2
13	79	7
13	80	2
14	15	5
14	24	2
14	28	1
14	29	1
14	31	1
14	32	1
14	37	2
14	38	1
14	44	1
14	46	1
14	50	1
14	54	2
14	57	1
14	63	1
14	65	3
14	66	2
14	70	1
14	71	1
14	76	1
15	16	2
15	19	1
15	20	1
15	24	2
15	26	3
15	28	1
15	29	2
15	31	1
15	32	1
15	35	1
15	37	6
15	38	5
15	41	3
15	42	2
15	45	2
15	46	2
15	48	1
15	50	3
15	51	1
15	54	2
15	55	1
15	56	3
15	60	1
15	62	2
15	63	1
15	65	5
15	67	1
15	71	2
15	76	1
15	78	3
16	17	1
16	21	1
16	22	2
16	25	1
16	26	1
16	27	1
16	28	3
16	29	1
16	37	1
16	38	1
16	42	1
16	44	1
16	45	1
16	48	1
16	50	2
16	53	1
16	63	3
16	67	1
16	68	1
16	70	1
16	72	1
16	78	4
16	79	3
16	80	1
17	18	10
17	19	1
17	22	1
17	23	1
17	24	1
17	25	1
17	27	4
17	29	4
17	30	2
17	35	1
17	38	2
17	39	1
17	41	2
17	42	3
17	45	3
17	47	6
17	49	7
17	57	3
17	59	6
17	60	3
17	61	1
17	66	6
17	67	1
17	68	2
17	69	3
17	70	4
17	76	2
17	77	2
17	78	2
17	79	1
17	80	1
18	19	2
18	23	1
18	24	1
18	27	2
18	29	2
18	30	1
18	35	1
18	42	1
18	43	1
18	45	6
18	47	6
18	49	7
18	57	2
18	59	7
18	60	2
18	66	5
18	68	1
18	69	1
18	70	4
18	76	1
18	78	3
18	79	1
19	21	1
19	22	2
19	23	7
19	25	3
19	26	2
19	27	1
19	31	1
19	33	5
19	34	4
19	35	4
19	36	2
19	40	2
19	41	5
19	44	1
19	45	1
19	50	2
19	51	1
19	55	3
19	56	8
19	58	1
19	61	1
19	66	1
19	67	2
19	68	1
19	69	1
19	71	1
19	73	3
19	74	5
19	75	3
19	79	6
19	80	3
20	22	3
20	26	1
20	29	1
20	34	2
20	35	1
20	38	3
20	40	2
20	41	1
20	45	1
20	46	1
20	51	4
20	52	2
20	53	1
20	54	2
20	55	1
20	56	3
20	58	1
20	64	8
20	65	1
20	67	2
20	73	2
20	74	6
20	75	1
20	77	2
20	79	6
20	80	3
21	22	8
21	23	6
21	25	2
21	27	1
21	30	1
21	31	2
21	32	1
21	33	3
21	34	3
21	35	2
21	36	3
21	40	3
21	41	3
21	46	1
21	50	1
21	51	2
21	52	2
21	53	1
21	55	1
21	56	5
21	58	2
21	61	3
21	66	2
21	71	1
21	72	2
21	73	2
21	74	4
21	75	2
21	77	4
21	79	9
21	80	5
22	23	6
22	25	1
22	26	3
22	27	5
22	28	2
22	29	1
22	31	2
22	32	2
22	33	2
22	34	2
22	35	6
22	36	3
22	38	5
22	40	4
22	41	6
22	43	1
22	44	2
22	45	1
22	46	2
22	49	3
22	50	1
22	51	8
22	52	4
22	53	3
22	55	1
22	56	11
22	58	4
22	59	1
22	60	1
22	61	2
22	63	1
22	64	6
22	66	1
22	67	5
22	68	4
22	71	1
22	72	4
22	73	6
22	74	6
22	75	3
22	76	1
22	77	7
22	78	1
22	79	10
22	80	7
23	25	5
23	27	1
23	30	1
23	31	1
23	33	8
23	34	9
23	35	9
23	36	1
23	40	4
23	41	15
23	42	1
23	44	1
23	46	1
23	51	5
23	52	3
23	53	4
23	55	2
23	56	18
23	58	1
23	61	4
23	64	2
23	66	1
23	67	2
23	68	2
23	69	1
23	71	1
23	72	4
23	73	9
23	74	6
23	75	6
23	77	3
23	79	11
23	80	6
24	26	1
24	27	1
24	29	4
24	37	2
24	38	2
24	44	1
24	45	1
24	46	2
24	47	1
24	48	3
24	49	1
24	50	1
24	54	3
24	57	1
24	59	1
24	60	1
24	62	2
24	63	1
24	65	4
24	66	1
24	68	1
24	70	1
24	71	2
24	76	1
24	78	2
25	27	1
25	33	2
25	34	4
25	35	2
25	36	1
25	38	1
25	40	1
25	41	4
25	46	1
25	47	1
25	49	1
25	51	4
25	53	1
25	55	1
25	56	5
25	61	1
25	64	1
25	66	1
25	67	2
25	68	2
25	69	1
25	73	4
25	75	4
25	77	2
25	79	3
25	80	1
26	28	2
26	31	1
26	32	1
26	37	1
26	38	2
26	40	1
26	42	1
26	44	2
26	45	1
26	46	7
26	48	2
26	49	1
26	51	2
26	52	1
26	54	5
26	56	1
26	58	1
26	60	1
26	62	6
26	63	1
26	64	2
26	65	2
26	67	1
26	68	1
26	70	1
26	71	1
26	73	3
26	74	1
26	78	2
26	79	4
27	28	1
27	29	3
27	30	1
27	35	3
27	36	1
27	37	1
27	40	2
27	41	1
27	43	2
27	44	1
27	45	4
27	47	1
27	48	1
27	49	3
27	50	1
27	51	1
27	54	1
27	55	1
27	56	3
27	57	4
27	59	2
27	60	4
27	66	3
27	70	4
27	71	1
27	72	2
27	74	2
27	76	1
27	78	2
27	79	1
27	80	2
28	38	2
28	43	1
28	45	2
28	46	1
28	49	1
28	50	1
28	54	2
28	57	1
28	62	1
28	63	4
28	71	1
28	72	1
28	78	4
29	30	7
29	35	1
29	37	1
29	38	2
29	39	1
29	41	1
29	42	1
29	45	3
29	47	2
29	48	1
29	49	2
29	54	1
29	55	1
29	56	2
29	57	1
29	59	1
29	60	4
29	63	1
29	64	1
29	65	5
29	66	1
29	68	1
29	70	4
29	71	1
29	73	1
29	74	1
29	75	1
29	76	10
29	77	2
29	78	3
30	35	1
30	47	1
30	49	1
30	55	1
30	57	1
30	60	1
30	70	1
30	76	7
31	32	9
31	33	1
31	37	1
31	38	1
31	40	2
31	46	1
31	51	2
31	53	1
31	54	1
31	55	2
31	56	1
31	58	1
31	62	1
31	64	2
31	67	1
31	71	1
31	74	2
31	77	2
31	80	1
32	37	1
32	38	1
32	40	2
32	46	1
32	51	1
32	53	1
32	54	1
32	55	2
32	58	1
32	62	1
32	64	2
32	67	1
32	74	1
32	77	2
33	34	12
33	35	5
33	36	1
33	40	3
33	41	9
33	51	2
33	56	9
33	61	3
33	67	1
33	69	1
33	71	1
33	73	2
33	74	5
33	75	6
33	79	5
33	80	2
34	35	5
34	36	1
34	40	5
34	41	12
34	46	1
34	51	2
34	53	1
34	54	1
34	55	1
34	56	13
34	61	3
34	64	2
34	66	1
34	67	1
34	69	1
34	73	4
34	74	4
34	75	8
34	77	3
34	79	7
34	80	2
35	36	3
35	38	2
35	40	3
35	41	9
35	51	2
35	52	3
35	55	2
35	56	18
35	57	1
35	58	1
35	61	5
35	64	3
35	67	3
35	68	2
35	69	1
35	72	2
35	73	5
35	74	6
35	75	6
35	76	1
35	77	4
35	78	1
35	79	10
35	80	5
36	38	3
36	40	3
36	41	1
36	44	1
36	52	1
36	56	5
36	64	1
36	67	3
36	68	2
36	73	2
36	74	3
36	75	1
36	77	4
36	79	4
36	80	3
37	39	1
37	40	1
37	42	1
37	43	1
37	45	1
37	47	1
37	48	2
37	49	1
37	51	1
37	56	1
37	57	2
37	60	1
37	63	1
37	65	3
37	70	4
37	71	1
37	78	3
38	40	1
38	41	1
38	43	1
38	45	2
38	46	1
38	48	1
38	51	2
38	54	1
38	56	3
38	57	1
38	58	1
38	60	1
38	62	1
38	63	1
38	64	5
38	65	4
38	66	1
38	67	4
38	68	3
38	71	1
38	72	1
38	73	3
38	74	1
38	75	1
38	76	1
38	77	2
38	78	3
38	79	1
38	80	1
39	43	4
39	57	1
39	59	1
39	60	2
39	66	2
39	70	3
39	77	1
39	78	2
40	41	4
40	43	1
40	45	1
40	46	2
40	51	2
40	52	3
40	53	1
40	54	2
40	55	1
40	56	7
40	57	1
40	58	4
40	61	2
40	62	1
40	64	3
40	65	1
40	67	2
40	68	1
40	69	1
40	70	1
40	72	2
40	73	1
40	74	2
40	75	2
40	77	4
40	78	1
40	79	7
40	80	3
41	46	1
41	50	1
41	51	3
41	52	2
41	53	1
41	54	1
41	55	3
41	56	23
41	58	1
41	61	3
41	64	1
41	65	1
41	66	1
41	67	3
41	68	1
41	69	1
41	72	2
41	73	9
41	74	6
41	75	8
41	77	2
41	79	6
41	80	6
42	45	1
42	47	1
42	49	1
42	63	1
42	66	1
42	68	1
42	69	1
42	78	2
42	80	1
43	45	1
43	49	1
43	57	1
43	58	1
43	60	1
43	65	1
43	70	2
43	78	2
44	50	1
44	53	1
44	56	1
44	58	1
44	61	1
44	64	1
44	67	1
44	68	1
44	74	1
44	77	1
44	78	1
44	80	1
45	47	2
45	48	1
45	49	3
45	54	1
45	57	1
45	59	4
45	60	2
45	61	1
45	63	1
45	64	1
45	65	1
45	66	6
45	67	1
45	69	3
45	70	3
45	71	1
45	72	1
45	78	4
45	79	3
46	50	2
46	51	1
46	54	9
46	58	1
46	60	1
46	62	8
46	65	2
46	66	1
46	70	1
46	71	1
46	73	1
46	78	2
46	79	1
47	49	11
47	57	2
47	59	5
47	60	2
47	61	1
47	66	4
47	68	2
47	69	2
47	70	2
47	76	1
47	78	2
48	49	1
48	54	2
48	55	1
48	60	2
48	63	1
48	65	1
48	66	1
48	70	3
48	71	1
48	76	1
48	78	2
48	79	1
49	50	1
49	57	5
49	59	7
49	60	3
49	61	1
49	66	5
49	68	2
49	69	2
49	70	4
49	71	1
49	74	1
49	76	1
49	78	2
50	53	1
50	54	2
50	57	1
50	62	2
50	65	1
50	71	1
50	78	1
50	79	1
51	52	2
51	53	2
51	56	6
51	58	1
51	61	2
51	64	9
51	65	1
51	67	2
51	70	1
51	71	1
51	72	1
51	73	7
51	74	8
51	75	2
51	77	4
51	79	6
51	80	3
52	53	2
52	54	1
52	56	7
52	58	3
52	61	2
52	64	9
52	67	1
52	72	1
52	73	8
52	74	3
52	75	1
52	76	1
52	77	3
52	79	6
52	80	3
53	56	3
53	64	3
53	72	1
53	73	2
53	77	2
53	79	3
54	55	1
54	56	1
54	58	1
54	60	2
54	62	7
54	63	2
54	64	1
54	65	1
54	66	1
54	70	2
54	71	2
54	74	1
54	77	1
54	78	4
54	80	1
55	56	5
55	64	1
55	67	1
55	68	1
55	73	2
55	74	1
55	75	1
55	76	1
55	77	2
55	80	2
56	58	5
56	61	7
56	64	3
56	65	2
56	67	6
56	68	5
56	69	1
56	71	2
56	72	2
56	73	12
56	74	12
56	75	15
56	77	7
56	78	1
56	79	18
56	80	10
57	59	2
57	60	1
57	66	6
57	70	4
57	76	1
57	78	2
57	79	1
58	61	3
58	62	1
58	64	1
58	65	1
58	72	1
58	73	1
58	77	5
58	79	4
58	80	2
59	60	1
59	66	3
59	69	1
59	70	2
59	77	1
59	78	2
60	62	1
60	65	2
60	66	3
60	70	4
60	76	1
60	78	2
61	64	2
61	66	1
61	67	1
61	68	1
61	72	1
61	73	3
61	75	3
61	77	5
61	79	8
61	80	1
62	65	1
62	70	1
62	71	1
62	78	2
63	66	1
63	71	1
63	76	1
63	78	4
64	67	5
64	68	2
64	73	11
64	74	8
64	75	1
64	77	5
64	78	1
64	79	5
64	80	4
65	66	2
65	68	1
65	70	2
65	71	1
65	73	1
65	78	2
66	69	5
66	70	4
66	71	1
66	73	2
66	78	2
66	79	2
67	68	5
67	73	4
67	74	3
67	75	3
67	77	2
67	78	1
67	79	3
67	80	4
68	71	1
68	73	2
68	74	1
68	75	2
68	77	1
68	79	2
68	80	2
69	73	1
70	76	1
70	78	5
71	74	3
71	75	1
71	79	1
71	80	1
72	73	1
72	74	1
72	75	1
72	77	2
72	78	1
72	79	2
72	80	2
73	74	10
73	75	7
73	77	3
73	79	6
73	80	4
74	75	6
74	77	3
74	79	9
74	80	8
75	77	1
75	79	7
75	80	3
76	77	1
77	79	6
77	80	4
79	80	4
